d/s,a/d=1,a/d=2,a/d=3,a/d=4,a/d=1e10
1,,,0.9988,0.9994,0.9994
1.25,,,1.2467,1.2248,1.2248
1.5,,1.4788,1.4893,1.4893,1.4893
1.75,,1.7196,1.7238,1.7238,1.7238
2,,1.9454,1.9475,1.9475,1.9475
2.5,,2.3532,2.3541,2.3541,2.3541
3,2.4575,2.7,2.7005,2.7005,2.7005
4,3.1137,3.2246,3.2248,3.2248,3.2248
5,3.5098,3.5749,3.575,3.575,3.575
7.5,4.0095,4.0361,4.0362,4.0362,4.0362
10,4.2209,4.2357,4.2357,4.2357,4.2357
15,4.3882,4.3947,4.3947,4.3947,4.3947
20,4.4516,4.4553,4.4553,4.4553,4.4553
40,4.512,4.5129,4.5129,4.5129,4.5129
1.00E+10,4.5324,4.5324,4.5325,4.5324,4.5324